0.08617828933534843 0.12520618944824374
0.22819095712570237 0.12512805774858343
0.37020543349928214 0.1250605478582102
0.5122235270393145 0.125014281586411
0.6542380034128943 0.12494677169603774
0.7962515754948609 0.12487395090102095
0.9382624347019886 0.12478519739207358
1.0802778153671815 0.12472299840634385
1.2222931960323749 0.1246607994206141
1.3643040552395025 0.12457204591166675
1.5063176273214691 0.12449922511664996
1.6483339122782752 0.12444233703556373
1.7903402500273375 0.12432702900339876
1.932350204942852 0.12423296458980788
2.0743610641499797 0.12414421108086053
2.216371019065494 0.12405014666726964
2.35837826110617 0.12394014953974819
2.500383694563619 0.12381953060293971
2.642386415146229 0.12368297895220065
2.7843900400204524 0.1235517382061051
2.9263927606030626 0.12341518655536604
3.068390055435994 0.12324676947676584
3.2103882545605384 0.12308366330280916
3.352381932227018 0.12289400260563488
3.4943738013102714 0.12269372009917354
3.6363647661019116 0.12248812668806869
3.7783484965606475 0.12224004603981564
3.9203313227277703 0.12198665448691907
4.062306914561988 0.12169077569687434
4.204277080646529 0.12136303147896844
4.346242725273003 0.12100873273784496
4.488199326983347 0.12060132495028622
4.630145981485947 0.12013549721164875
4.772088114530481 0.11964311494979366
4.914015778909208 0.11906575821364221
5.055944347579546 0.11849371238213428
5.197855734709236 0.11782075936239941
5.339771643296993 0.11717436086588218
5.481683030426684 0.1165014078461473
5.623592608973148 0.1158178330171254
5.7654940488950945 0.11508646004631178
5.907394584525429 0.11434977617085465
6.049286981531244 0.1135652941536058
6.191175761370609 0.11275956851778286
6.333051881127389 0.11187949021695062
6.4749289051757835 0.11100472282076189
6.616792364849982 0.11005029185492032
6.758643164441597 0.10902150822406943
6.900502102657731 0.10804052273501025
7.042346572208054 0.10697456277165471
7.184185616008701 0.10587673738043801
7.326023755517731 0.1047736010845778
7.467844713486116 0.10356955760049066
7.609654819955145 0.10230178326068125
7.745015337781478 0.10107005344199357
7.8739122504451196 0.09979204912245307
7.9963622672455354 0.09856590401786167
8.118805542049595 0.09730016316865023
8.241260311404822 0.09610192981846313
8.35079233160662 0.09483734792947837
8.453851620836192 0.09347289566027987
8.556929561080283 0.09221798079935403
8.660006257923408 0.09095576344454334
8.763076489081499 0.08965557312153147
8.866142243996105 0.08832909382053415
8.969220184240198 0.08707417895960831
9.065845939232823 0.08584005873647069
9.162468319279963 0.08458611745850275
9.265540042519214 0.08329469012815269
9.368620469565244 0.08205438025499653
9.471696917728172 0.08079070240140887
9.581223245916648 0.07949269131819571
9.697207467159132 0.07820740752150382
9.819638094799057 0.0768673898773494
9.929178309605328 0.0756509349004438
10.032247107891829 0.07434232932257415
10.148227350251211 0.07303367754545076
10.264211792542755 0.07174969196989396
10.364439857768277 0.07060834051141938
10.483293516871225 0.0693243858827311
10.599276853917463 0.06803390920149889
10.715278980133883 0.06685378131674875
10.831267843406646 0.06559576016389361
10.95371697601082 0.06436442217476188
11.082610904512137 0.06306889186989774
11.180881110573505 0.06201401311857596
11.301734959735782 0.06089219513010334
11.430647787931813 0.05970766273228882
11.56600025756279 0.05842866586227381
11.707812172615045 0.05717151333175144
11.849629513416977 0.05594622622909021
11.991443237052458 0.054699695507854876
12.133274142228585 0.05355407197484649
12.275109342789875 0.052433675238894834
12.416953134121488 0.051363732097056636
12.558810263754395 0.05037212479871041
12.700665584804076 0.04936989569107714
12.842538087394406 0.0484685737716708
12.984407877109895 0.04755131913833388
13.126298917678291 0.04675887076411976
13.268147456540873 0.04571680987166006
13.410035332088626 0.044905773331193596
13.55191868617831 0.044068182267509526
13.693802944559609 0.04323590210846899
13.835694437273814 0.042446109186576625
13.977587738571241 0.0416669380739713
14.119481944160285 0.0408930778660095
14.261381317129974 0.040149565684582125
14.403289345462245 0.0394568864475999
14.545195306842256 0.038752068000003886
14.687104368650658 0.038065458368328545
14.829024411142928 0.03744333829303881
14.970943936897136 0.03681818341509567
15.112867079817796 0.036214272155726604
15.254791127030071 0.03561567180100106
15.396720599992022 0.035048936874136655
15.538650977245588 0.03448751285191576
15.68058587595722 0.033952643352912495
15.822520774668845 0.03341777385390923
15.96445929054693 0.03290414797348004
16.10639961500824 0.032401143902337906
16.24833813088632 0.03188751802190873
16.390279359639244 0.031389824855410114
16.53222213860636 0.03090123609687183
16.67416543431154 0.030415682140986985
16.81611299310575 0.029955165306993034
16.958060551899965 0.029494648472999083
17.100004493527727 0.029012888020431046
17.24195747807162 0.028584236614298222
17.383908654032286 0.028144963398878356
17.52586254286779 0.027721622897389067
17.667815527411683 0.027292971491256257
17.80977393770525 0.026896185512984574
17.95172963512398 0.026483466820782342
18.093689854000775 0.026097302651797688
18.235650977169186 0.025716449387456583
18.377619334670502 0.025378083360263662
18.519582266422137 0.025007851905209585
18.66154791104861 0.0246535531640861
18.803518981424762 0.02433111985082373
18.945490051800913 0.024008686537561386
19.087461122177068 0.023686253224299014
19.229433096844833 0.023369130815680164
19.371413210137117 0.023099806548853047
19.51338428051327 0.02277737323559069
19.65536258522233 0.022497427159476502
19.797341794222998 0.022222791988005863
19.91996938877701 0.022039561030273352
