0.15330407473524243 0.0005138051066852362
0.34890673937366057 0.000514127578886964
0.544444452505576 0.0005341595857369253
0.7399949955647018 0.0005502983511748855
0.9355655853850939 0.0005603539269066048
1.1311032985170095 0.0005803859337565644
1.3266049274786456 0.0006113676820777639
1.5221065564402818 0.0006423494303989599
1.7175721012316387 0.0006842809201913994
1.913011184298124 0.0007342422203960794
2.1084326262146953 0.0007895567275422507
2.3038195877018883 0.0008553343209831647
2.499174474371056 0.0009308450179540736
2.6944924749994934 0.0010175487839844607
2.889767976494046 0.001117148912192091
3.084996167632011 0.0012311053681064565
3.2801706334497815 0.0013613647724335567
3.4752657140929384 0.0015157136079973817
3.6525320071363416 0.0016842124900945128
3.80310363194238 0.0018592151229024929
3.9358677759920675 0.0020419022406131405
4.050820028997926 0.0022336121449618336
4.148048470701315 0.0024076170384335367
4.236374684125092 0.0025850053280473007
4.324677460021126 0.0027695057354547668
4.412948481847314 0.0029636419153569217
4.501219503673502 0.0031577780952590784
4.589494641768004 0.0033506651935415518
4.677766839670852 0.00354444449298094
4.77487029522719 0.0037563764327754393
4.872015305492212 0.003955698596218858
4.96919876226332 0.004143354167391372
5.07527604676646 0.004330175488584437
5.181419905609156 0.004496794826438768
5.3052839320168115 0.004682224867318124
5.446946996630503 0.004862532315188239
5.588629466509097 0.005036951235422712
5.730305289454423 0.005213387167558351
5.854226901615727 0.0053813428114929725
5.960386931512511 0.005543055042984264
6.057613483092696 0.0057176334943425545
6.145965402192063 0.005887221396698715
6.234245496609635 0.006078604498745243
6.315501137147761 0.006243159910265349
6.39607139100989 0.006435829390262672
6.467171007541438 0.00662449947456484
6.537158937609222 0.00679077777958941
6.604693767775034 0.0069819831764524705
6.728557573668317 0.007167480132418595
6.896983100656621 0.007320711698629286
7.029759627113439 0.007499641374896237
7.132853037116789 0.007692586821282054
7.197473671824744 0.007868772238063194
7.26666178925783 0.008072191951824844
7.338332520516714 0.008293119007378696
7.408706816269218 0.008522021163728619
7.479060604184946 0.008757146423148027
7.550702196044419 0.008986915829453455
7.618651873251469 0.009180711976191015
7.681476260873508 0.009388064233040123
7.751851218169131 0.00961676564412974
7.813422139085651 0.009819054119153136
7.867407208028755 0.010010699853819015
7.936474672597251 0.010250731679341245
8.006747090708998 0.0105105486057783
8.068297062759994 0.010719194014044722
8.12984290016648 0.010929094080188054
8.201456242559548 0.011167435787073458
8.273632403264163 0.01136346636185916
8.347168360605265 0.011532294900917258
8.395253094943104 0.01171573198801364
8.464313314039313 0.011957962452101126
8.525807054924957 0.012183671207493562
8.587337180682301 0.012398338973569165
8.68427141420813 0.012661621338521103
8.861539387361049 0.01282961039138571
9.030604149435204 0.012788866070795461
9.136235826892054 0.01257130729512334
9.198436694370784 0.01235118153367575
9.254905196193072 0.012174657814767849
9.317776710887022 0.011982281108029551
9.451906387810745 0.01175059727511438
9.648060594218844 0.011583554397306722
9.835318257226982 0.011418169838910716
10.022602093286629 0.011244843068034239
10.21856319401649 0.011136398108288325
10.387937582614137 0.011001697619144487
10.513035843723697 0.01081259913973047
10.629240114340618 0.010624384300002798
10.754334138423996 0.010436571546184548
10.870579865743213 0.010235776670144364
10.986868525860947 0.010021953836394523
11.103130544242076 0.009816215437617551
11.210351563297994 0.00965597050877038
11.317642516912498 0.009474503938119428
11.4249840138216 0.009277700004723397
11.523306948868044 0.009119580893244734
11.630636208979507 0.008926490216092247
11.746842873752486 0.00873754886970823
11.845237269456996 0.008557745021539574
11.934688484212451 0.008393751657055738
12.041982882051462 0.008211239936478112
12.154409510427927 0.008013065873772072
12.236710042575885 0.007802734688245559
12.319612200940028 0.0076025541542254224
12.403256831201192 0.007401903670997288
12.474932823302996 0.0072358060701516735
12.54369052818023 0.007055930135834181
12.645920676913068 0.006868451792063993
12.737944307347934 0.006694715396893988
12.856602041890552 0.006532853436142798
12.981604510506012 0.006372823189064363
13.151129165330376 0.006192524413423174
13.347347666474892 0.00600597129784909
13.543537300283187 0.005828177975451994
13.730833805895955 0.005651006628681173
13.918114402398983 0.005478662901261221
14.105351713935086 0.005319453997054994
14.274862289250786 0.005143427648317489
14.444424317920404 0.004951787779333958
14.613969293478437 0.004765322677060535
14.774591963448149 0.004588333430257831
14.935240115078846 0.004403611773428524
15.104773940310062 0.004220530237828285
15.291980695999877 0.004070593505177732
15.488116604487978 0.0039091031311933745
15.684137845501635 0.003782408602328728
15.880050834004454 0.003688563297877803
16.07591811589159 0.0036085876659571123
16.271787803390072 0.0035278820512716705
16.467628623552333 0.003455936229763224
16.66349269795766 0.0033769339081955296
16.85938724344012 0.003288685138274348
17.055262944966984 0.0032061545666770344
17.322371204236443 0.0030920865505362233
17.518298626407372 0.0029938613494967983
17.71419237001938 0.002905855907163867
17.910124603413013 0.002806170740594945
18.10604721436124 0.0027094055050850205
18.301972230920818 0.0026119102868103483
18.497916492371218 0.0025085752064176823
18.69382587245701 0.002415824876113878
18.889754657807703 0.002317186018174428
19.085650646656973 0.0022284992585943995
19.28152514537816 0.0021463336783794605
19.477370776763124 0.0020729278913415115
19.67320518196178 0.0020029286905390593
19.868994682415202 0.0019465558346785962
20.00248867176613 0.0019077713957269225
